# Particles (133 particles):
# Position.X Position.Y Position.Z "Particle Type" "Particle Identifier" "Periodic Image.X" "Periodic Image.Y" "Periodic Image.Z" Velocity.X Velocity.Y Velocity.Z Mass "Velocity Magnitude" Occupancy
-2.67525 6.24225 113.25225 1 542922 0 0 0 -0.9469514621 3.7102853477 -2.7182129163 12.011 4.6959148088 0 
-1.7835 0.0 123.0615 1 554756 0 0 0 -4.5185627029 3.5582159383 5.4319370214 12.011 7.9110207539 0 
6.24225 -11.59275 111.46875 1 827209 0 0 0 0.4181104299 0.9144705489 -2.4361812635 12.011 2.6355363524 0 
5.3505 -1.7835 110.577 1 827745 0 0 0 3.0468204401 1.5855214062 5.3623035074 12.011 6.3679896223 0 
6.24225 -9.80925 113.25225 1 827388 0 0 0 -1.3582742889 -3.0499547562 0.3146040236 12.011 3.3535218429 0 
6.24225 -6.24225 113.25225 1 827568 0 0 0 3.0801845689 -3.7933708956 -0.915601205 12.011 4.9714711401 0 
3.567 -1.7835 112.3605 1 827743 0 0 0 -0.4929444412 -0.7321432162 -1.753998133 12.011 1.9635522305 0 
8.02575 -0.89175 113.25225 1 827755 0 0 0 -5.7059563603 -4.0901340098 9.3443233404 12.011 11.6877505489 0 
7.134 -10.701 114.144 1 831395 0 0 0 1.1734611449 -4.8117611432 -2.5165645463 12.011 5.5554615897 0 
9.80925 -4.45875 115.03575 1 831582 0 0 0 -1.8011353109 -2.7409329765 -9.2558582611 12.011 9.8197614095 0 
4.45875 -2.67525 115.03575 1 831751 0 0 0 -1.2360280057 1.3576770579 -2.5912450751 12.011 3.1757838818 0 
8.02575 -2.67525 115.03575 1 831759 0 0 0 -4.2922003359 3.3211453051 9.5948369492 12.011 11.0233337037 0 
2.67525 -0.89175 115.03575 1 831746 0 0 0 -3.8567445372 2.4511360277 -0.8153999827 12.011 4.6419202258 0 
6.24225 -0.89175 115.03575 1 831754 0 0 0 -3.4454815768 3.517394202 1.8032240884 12.011 5.243569622 0 
8.9175 -1.7835 114.144 1 831758 0 0 0 1.1786344475 0.6421581382 0.3926573644 12.011 1.3984727531 0 
9.80925 -0.89175 115.03575 1 831762 0 0 0 3.1420383513 -0.7860426033 2.3281806626 12.011 3.9888210254 0 
4.45875 -8.02575 116.81925 1 831392 0 0 0 -2.8227474231 3.7731789393 -1.8667556245 12.011 5.0684868436 0 
0.0 -5.3505 115.9275 1 831560 0 0 0 0.6169379056 -3.4207199057 -2.5762070345 12.011 4.3265205115 0 
1.7835 -3.567 115.9275 1 831741 0 0 0 -0.5544043596 -5.4930662286 5.7723257474 12.011 7.987545638 0 
0.89175 -0.89175 116.81925 1 831744 0 0 0 -0.4118412212 -0.7576939072 -0.782874101 12.011 1.1647339209 0 
3.567 -1.7835 115.9275 1 831748 0 0 0 -2.2363143569 -1.0003124001 2.6855385269 12.011 3.6350851407 0 
5.3505 -1.7835 117.711 1 835755 0 0 0 5.1735722448 1.3181461085 -0.1046415579 12.011 5.3398790989 0 
7.134 -1.7835 115.9275 1 831756 0 0 0 -1.540217701 -3.5695045479 2.4311129682 12.011 4.585187406 0 
11.59275 -0.89175 116.81925 1 831768 0 0 0 1.6988304419 -3.3218465748 -3.7141113792 12.011 5.2645334906 0 
5.3505 -7.134 119.4945 1 835574 0 0 0 3.8249626218 12.0085076821 0.4978816759 12.011 12.6127904118 0 
2.67525 -4.45875 118.60275 1 835571 0 0 0 0.4949913302 5.2995038772 10.3406168647 12.011 11.6300522313 0 
0.89175 -2.67525 118.60275 1 835748 0 0 0 -3.4021576742 -9.8519137249 1.5258053013 12.011 10.5338958938 0 
5.3505 -3.567 119.4945 1 835754 0 0 0 4.5829942325 -0.2770549004 -2.2173078206 12.011 5.0987301874 0 
2.67525 -0.89175 118.60275 1 835751 0 0 0 -0.7004798074 -0.2233094577 -0.1252662314 12.011 0.7458087578 0 
6.24225 -0.89175 118.60275 1 835759 0 0 0 -5.3671599676 4.2089718118 0.8291649519 12.011 6.8709070979 0 
7.134 -1.7835 119.4945 1 835761 0 0 0 5.8514995751 -2.5938247069 -3.877158564 12.011 7.4833369842 0 
10.701 -1.7835 119.4945 1 835769 0 0 0 -1.6477880537 1.8930832931 1.118642756 12.011 2.7477866438 0 
1.7835 -5.3505 121.278 1 839572 0 0 0 9.1929395963 -3.2403229116 -4.204758115 12.011 10.6155462318 0 
0.0 -3.567 121.278 1 839749 0 0 0 -2.991289283 1.212220395 -3.7072887027 12.011 4.9154124329 0 
6.24225 -2.67525 120.38625 1 835758 0 0 0 -0.393506343 -10.3202946795 9.8530380801 12.011 14.2739514124 0 
0.89175 -0.89175 120.38625 1 835749 0 0 0 -6.8460899673 -1.3496439199 1.0433869229 12.011 7.0554335672 0 
4.45875 -0.89175 120.38625 1 835757 0 0 0 6.5797477835 7.3326824962 2.8257431967 12.011 10.2492018274 0 
5.3505 -1.7835 121.278 1 839760 0 0 0 0.3803987923 1.3008354065 3.9032779409 12.011 4.131882704 0 
8.02575 -0.89175 120.38625 1 835765 0 0 0 -3.4987633869 0.5119249771 1.7997942411 12.011 3.9677035839 0 
8.9175 -1.7835 121.278 1 839768 0 0 0 2.9586976637 -0.5897351851 -3.9038778571 12.011 4.9337553422 0 
0.0 -5.3505 123.0615 1 839570 0 0 0 -4.1515831302 3.1096468239 -1.963693967 12.011 5.5463176841 0 
1.7835 -3.567 123.0615 1 839751 0 0 0 2.3856737457 -1.0249668355 -2.0829728097 12.011 3.3287793499 0 
0.0 -1.7835 123.0615 1 839750 0 0 0 9.2359099202 2.1360852554 0.8303257559 12.011 9.5160040529 0 
2.67525 -0.89175 122.16975 1 839756 0 0 0 1.7130281821 2.9394370137 1.8065675691 12.011 3.8520698192 0 
3.567 -1.7835 123.0615 1 839758 0 0 0 1.4634940851 -3.3455859826 6.5272670124 12.011 7.4793031196 0 
6.24225 -0.89175 122.16975 1 839764 0 0 0 -1.6582991699 2.9888684804 -2.1789041878 12.011 4.0535064314 0 
8.02575 -0.89175 123.95325 1 839770 0 0 0 2.394623035 -2.6428258653 2.5059909486 12.011 4.3587542565 0 
8.02575 0.89175 111.46875 1 1108239 0 0 0 3.6095270495 -0.614272617 2.101690969 12.011 4.2217438693 0 
10.701 3.567 110.577 1 1108423 0 0 0 2.9255328648 -5.4654399492 -1.1732153119 12.011 6.3092163182 0 
6.24225 0.89175 113.25225 1 1108233 0 0 0 2.7024487543 3.5844596797 10.6357849576 12.011 11.5443277036 0 
8.9175 0.0 112.3605 1 1108237 0 0 0 0.0593534723 2.3179105301 -1.1622135764 12.011 2.5936407727 0 
8.02575 2.67525 113.25225 1 1108240 0 0 0 -0.1216728439 1.9474230202 0.7816953567 12.011 2.1019772433 0 
11.59275 2.67525 113.25225 1 1108248 0 0 0 2.5932382117 -1.0698265451 -4.1409157716 12.011 5.0016593933 0 
6.24225 4.45875 113.25225 1 1108413 0 0 0 5.7765179077 -0.3952069942 -1.3904993528 12.011 5.9546482815 0 
1.7835 7.134 112.3605 1 1108581 0 0 0 2.8461350364 -0.4022048991 0.3738440894 12.011 2.8986225745 0 
9.80925 8.02575 113.25225 1 1108601 0 0 0 -8.5970184737 -2.4699594365 -3.1315717926 12.011 9.4771392385 0 
11.59275 9.80925 113.25225 1 1108608 0 0 0 -0.1190100766 -1.8165670834 0.5614925591 12.011 1.9050861557 0 
7.134 0.0 114.144 1 1112285 0 0 0 -2.0650229435 7.3631853509 -1.2227343585 12.011 7.7444107316 0 
8.02575 0.89175 115.03575 1 1112289 0 0 0 -11.626867905 -1.3950066126 -7.1975985768 12.011 13.7453819882 0 
8.9175 1.7835 114.144 1 1112288 0 0 0 -1.1949815582 2.3693633908 -3.5642199394 12.011 4.4435939935 0 
11.59275 0.89175 115.03575 1 1112297 0 0 0 -3.0877518854 -2.3058817028 -0.7150614633 12.011 3.9195171934 0 
12.4845 1.7835 114.144 1 1112296 0 0 0 -6.5849753918 -12.5726477884 1.6566788479 12.011 14.2890852796 0 
14.268 0.0 114.144 1 1112301 0 0 0 -0.0184574704 -0.4111593235 -0.7202770452 12.011 0.8295731971 0 
6.24225 2.67525 115.03575 1 1112284 0 0 0 -0.6361267082 -1.2499618058 -2.4171841213 12.011 2.7946092358 0 
7.134 3.567 114.144 1 1112465 0 0 0 -11.5953343831 -0.8183071227 -1.8228784732 12.011 11.7662352488 0 
9.80925 2.67525 115.03575 1 1112292 0 0 0 -0.8119083954 7.0726545532 -0.2636169748 12.011 7.1239828453 0 
10.701 3.567 114.144 1 1112473 0 0 0 2.2789455712 -0.7184326143 5.7457177455 12.011 6.2227815925 0 
13.37625 2.67525 115.03575 1 1112300 0 0 0 0.3399899713 -4.8763722769 -1.1013985996 12.011 5.010756294 0 
4.45875 4.45875 115.03575 1 1112461 0 0 0 0.2831289763 -0.1908069109 2.6732058795 12.011 2.6949209578 0 
8.9175 5.3505 114.144 1 1112468 0 0 0 3.1996714899 3.4085743147 3.8792388063 12.011 6.0749296472 0 
11.59275 4.45875 115.03575 1 1112477 0 0 0 2.2192759691 2.5245922933 4.6763334046 12.011 5.7590664335 0 
12.4845 5.3505 114.144 1 1112476 0 0 0 -5.9436199079 4.7880631078 -2.1425183324 12.011 7.9273293572 0 
6.24225 6.24225 115.03575 1 1112464 0 0 0 -3.3149747977 -1.0503104669 1.9246302617 12.011 3.974469981 0 
2.67525 0.89175 116.81925 1 1112275 0 0 0 -6.3080431142 -5.4771646759 13.6359284245 12.011 15.9915379127 0 
3.567 1.7835 115.9275 1 1112278 0 0 0 0.4511192629 -9.939163931 -1.9663892443 12.011 10.1418526363 0 
3.567 0.0 117.711 1 1116327 0 0 0 -0.3761082668 -0.0894807959 0.2975364178 12.011 0.4878444026 0 
5.3505 1.7835 117.711 1 1116330 0 0 0 -3.8684798335 6.7011572889 6.8528466411 12.011 10.3359640247 0 
6.24225 0.89175 116.81925 1 1112283 0 0 0 1.6921253938 4.631189697 -2.2678619628 12.011 5.4271911925 0 
8.9175 0.0 115.9275 1 1112287 0 0 0 -3.7329694419 -2.1269959324 4.3966549548 12.011 6.1473366055 0 
9.80925 0.89175 116.81925 1 1112291 0 0 0 0.530528219 1.679289998 4.4772624131 12.011 4.8111696919 0 
8.9175 1.7835 117.711 1 1116338 0 0 0 -8.0025422076 -3.9076228558 -6.1422564479 12.011 10.8183877006 0 
12.4845 0.0 115.9275 1 1112295 0 0 0 -0.4480772273 -4.2218879658 -2.174084396 12.011 4.7698798893 0 
12.4845 1.7835 117.711 1 1116346 0 0 0 -2.1697886474 6.1483803435 -2.6794051487 12.011 7.0490975006 0 
3.567 3.567 117.711 1 1116507 0 0 0 -3.1630381519 -0.2276921526 4.0788878912 12.011 5.1666217682 0 
5.3505 3.567 115.9275 1 1112459 0 0 0 5.0132459689 0.1616731615 -3.8871194187 12.011 6.3457443008 0 
7.134 3.567 117.711 1 1116515 0 0 0 -4.2118316696 4.0380972352 4.3014652791 12.011 7.249024682 0 
8.9175 3.567 115.9275 1 1112467 0 0 0 4.1522165525 2.6059475627 0.0396387203 12.011 4.9023908684 0 
10.701 3.567 117.711 1 1116523 0 0 0 -1.2279569713 -1.4631540052 3.2726906356 12.011 3.7893537658 0 
9.80925 4.45875 116.81925 1 1112471 0 0 0 8.1537172113 1.5240198234 0.6581082087 12.011 8.3209883547 0 
8.02575 6.24225 116.81925 1 1112470 0 0 0 2.2367223699 -0.7396412776 -2.2708911693 12.011 3.2721465252 0 
12.4845 7.134 115.9275 1 1112655 0 0 0 9.8118935526 -0.6592250671 -3.8873290859 12.011 10.5744579151 0 
5.3505 0.0 119.4945 1 1116329 0 0 0 1.2558716448 -0.9241488199 1.8721362289 12.011 2.4364233395 0 
4.45875 0.89175 118.60275 1 1116331 0 0 0 -0.3586261568 5.51882482 -2.8543435098 12.011 6.2236096428 0 
7.134 1.7835 119.4945 1 1116336 0 0 0 0.9677788227 -1.18422005 0.6254538928 12.011 1.6523212607 0 
8.02575 0.89175 118.60275 1 1116339 0 0 0 -3.723824923 6.5719192405 -0.7097308921 12.011 7.5868776515 0 
8.9175 0.0 119.4945 1 1116337 0 0 0 1.9772153749 -0.1430794539 -1.5468535038 12.011 2.5144796939 0 
10.701 1.7835 119.4945 1 1116344 0 0 0 0.308988541 -7.2317480816 -4.1676521504 12.011 8.3524235214 0 
11.59275 0.89175 118.60275 1 1116347 0 0 0 -4.8005325401 4.0303300194 -4.335863045 12.011 7.6215733991 0 
9.80925 2.67525 118.60275 1 1116342 0 0 0 2.0300320061 -13.9423842295 4.7288034202 12.011 14.8617862229 0 
14.268 5.3505 119.4945 1 1116532 0 0 0 -1.8385714132 -4.7700869457 -7.8747166843 12.011 9.3885694954 0 
0.0 0.0 121.278 1 1120369 0 0 0 -0.4456031099 -5.2866353063 2.5942834648 12.011 5.905707552 0 
2.67525 0.89175 120.38625 1 1116325 0 0 0 1.4083338612 0.3326901278 -5.1305648021 12.011 5.3307393647 0 
3.567 0.0 121.278 1 1120377 0 0 0 3.1581726469 -3.6602004856 -0.4730378243 12.011 4.857456829 0 
5.3505 1.7835 121.278 1 1120380 0 0 0 8.0018285869 3.9459740128 -1.3104519904 12.011 9.0176081121 0 
6.24225 0.89175 120.38625 1 1116333 0 0 0 3.9126980372 -3.2930072846 1.5332035051 12.011 5.3388965054 0 
7.134 0.0 121.278 1 1120385 0 0 0 4.4044689706 -6.4015543768 -3.5602835573 12.011 8.5472138361 0 
8.02575 2.67525 120.38625 1 1116340 0 0 0 -3.6853757184 -2.1962376105 3.5904691855 12.011 5.5943652723 0 
2.67525 4.45875 120.38625 1 1116505 0 0 0 -0.170330357 -0.4659800296 1.4525906003 12.011 1.5349818469 0 
12.4845 5.3505 121.278 1 1120576 0 0 0 -6.2725145692 -6.4753884675 -6.664362443 12.011 11.211102604 0 
0.0 1.7835 123.0615 1 1120370 0 0 0 -4.2537834019 -0.7863004742 1.4560492006 12.011 4.5643204249 0 
3.567 1.7835 123.0615 1 1120378 0 0 0 2.095618924 4.6374562769 -0.0863190889 12.011 5.0897023862 0 
5.3505 0.0 123.0615 1 1120379 0 0 0 -5.9941706099 0.1530297632 8.0969089969 12.011 10.0753875714 0 
4.45875 0.89175 122.16975 1 1120381 0 0 0 4.3696310816 -3.6010967683 0.1786413533 12.011 5.6651113367 0 
6.24225 0.89175 123.95325 1 1120383 0 0 0 -5.7068404326 -2.6273060245 -0.2059181201 12.011 6.2859499633 0 
7.134 1.7835 123.0615 1 1120386 0 0 0 -1.9469129043 4.7344607737 0.321231027 12.011 5.1292083256 0 
8.02575 0.89175 122.16975 1 1120389 0 0 0 -5.2745725609 -5.7702150424 7.3390357062 12.011 10.7227768061 0 
0.89175 2.67525 123.95325 1 1120374 0 0 0 -1.3213933343 5.1925998439 0.3636676857 12.011 5.370421554 0 
1.7835 3.567 123.0615 1 1120551 0 0 0 -1.227994492 -0.6810017972 -1.2102397368 12.011 1.8537567642 0 
4.45875 2.67525 123.95325 1 1120382 0 0 0 -7.2207439455 2.7399221403 -0.5860029903 12.011 7.7453028324 0 
6.24225 2.67525 122.16975 1 1120384 0 0 0 3.6098340039 -0.2042744948 -7.5741819221 12.011 8.3929054203 0 
13.37625 2.67525 122.16975 1 1120400 0 0 0 3.1320034437 -0.7707333421 -8.1318274927 12.011 8.7481480227 0 
12.4845 3.567 123.0615 1 1120575 0 0 0 6.7568915199 -7.1483849677 3.1712318051 12.011 10.3349746889 0 
16.0515 3.567 123.0615 1 1120583 0 0 0 -1.7554633895 -9.1872487102 -7.1707961218 12.011 11.7859029181 0 
6.24225 4.45875 123.95325 1 1120563 0 0 0 2.6382940684 4.1435602829 -4.7100236428 12.011 6.8054397451 0 
10.701 5.3505 123.0615 1 1120574 0 0 0 5.7608380178 4.8039028122 3.5873527896 12.011 8.3146759969 0 
14.268 5.3505 123.0615 1 1120582 0 0 0 -5.7609672638 -5.8169449718 1.3391767748 12.011 8.2957210086 0 
12.4845 7.134 123.0615 1 1120755 0 0 0 -1.983992406 1.7203573039 3.4515994115 12.011 4.3369797806 0 
0.0 0.0 124.845 1 1124419 0 0 0 -8.9811706951 0.5114735257 8.4622912327 12.011 12.3504414953 0 
5.3505 1.7835 124.845 1 1124422 0 0 0 -3.2140364887 -0.9957176196 -5.9538385202 12.011 6.8388359575 0 
7.134 0.0 124.845 1 1124423 0 0 0 -5.3548125541 -4.7387319782 -2.3062417363 12.011 7.5132116433 0 
3.567 3.567 124.845 1 1124466 0 0 0 -0.3537195692 6.5425152193 -1.4541846072 12.011 6.7115032444 0 
7.134 3.567 124.845 1 1124468 0 0 0 3.442799745 -6.7025066771 -4.5405191973 12.011 8.7973166603 0 
14.268 3.567 124.845 1 1124472 0 0 0 -9.7847700582 -6.0507575365 -6.3230480133 12.011 13.1276169976 0 
