# Particles (302 particles):
# Position.X Position.Y Position.Z "Particle Type" "Particle Identifier" "Periodic Image.X" "Periodic Image.Y" "Periodic Image.Z" Velocity.X Velocity.Y Velocity.Z Mass "Velocity Magnitude" Occupancy
-11.59275 -0.89175 0.89175 1 142572 0 0 0 -2.2002898162 0.2780977138 0.7801099867 12.011 2.3509966408 0 
-8.02575 -0.89175 0.89175 1 142580 0 0 0 3.2847541622 -0.2731716807 -0.3021106595 12.011 3.3099098966 0 
-16.94325 -2.67525 4.45875 1 146522 0 0 0 3.461749897 -1.4119755334 2.4470170122 12.011 4.4682524005 0 
-15.15975 -8.02575 11.59275 1 154091 0 0 0 2.8751812648 0.5265776514 1.9183521693 12.011 3.496287513 0 
-6.24225 -22.29375 13.37625 1 153401 0 0 0 -9.4028137801 1.7650018643 -0.6647239783 12.011 9.5900988802 0 
-16.0515 -7.134 12.4845 1 154264 0 0 0 9.1153809253 0.0972761919 1.4437538986 12.011 9.229520973 0 
-31.21125 -0.89175 13.37625 1 154413 0 0 0 10.2997263388 -4.3245255015 2.1529660466 12.011 11.376341515 0 
-26.7525 -1.7835 14.268 1 158380 0 0 0 -2.9011762793 0.9272694248 -12.0163720747 12.011 12.3963643955 0 
-9.80925 -20.51025 15.15975 1 157531 0 0 0 2.176499859 5.7495157487 -1.9234054241 12.011 6.4415503884 0 
-22.29375 -6.24225 16.94325 1 158213 0 0 0 -5.0278067043 5.1930702448 -5.7356421603 12.011 9.2273728555 0 
-18.72675 -6.24225 16.94325 1 158221 0 0 0 3.7468743818 1.1279189124 5.9295846333 12.011 7.1043115521 0 
-16.94325 -8.02575 20.51025 1 162011 0 0 0 -1.2148352758 -1.8885973049 4.0619799176 12.011 4.6413689121 0 
-48.1545 -44.5875 28.536 1 172040 0 0 0 4.273645883 -4.8421640409 -3.8433505627 12.011 7.5154471111 0 
-16.0515 -5.3505 28.536 1 174070 0 0 0 2.9809557395 1.7239380405 3.4501732561 12.011 4.8746030593 0 
-16.0515 -1.7835 28.536 1 174248 0 0 0 9.925718124 -0.5748330708 1.5716356244 12.011 10.0658011043 0 
-41.0205 -28.536 33.8865 1 176906 0 0 0 5.6632249506 -9.5371895557 1.1586879388 12.011 11.1522490647 0 
-41.0205 -30.3195 35.67 1 180690 0 0 0 1.5585711777 -6.7544737507 -0.6731395645 12.011 6.9645657896 0 
-17.835 -7.134 35.67 1 181989 0 0 0 4.6141346175 -1.0952270752 -6.9040168971 12.011 8.3758706968 0 
-41.0205 -30.3195 39.237 1 184651 0 0 0 2.1578872991 5.5128318539 -0.0591421894 12.011 5.9204130298 0 
-16.94325 -6.24225 40.12875 1 185954 0 0 0 -5.8344473897 -2.2515570197 -2.5729597417 12.011 6.7624261318 0 
-21.402 -37.4535 44.5875 1 188302 0 0 0 -1.975203905 6.4795880943 4.7580267681 12.011 8.2780016347 0 
-39.237 -26.7525 44.5875 1 188796 0 0 0 -9.8641521484 -1.5735905466 0.1008446706 12.011 9.9893870915 0 
-21.402 -35.67 46.371 1 192440 0 0 0 4.5358358923 2.931542581 -0.1988001289 12.011 5.4043751385 0 
-42.804 -24.969 46.371 1 192926 0 0 0 -4.4145054247 -0.2730197971 -0.8749028916 12.011 4.5086420377 0 
-43.69575 -24.07725 45.47925 1 188963 0 0 0 -1.8039258038 -5.2995783597 -3.9116764652 12.011 6.8294137277 0 
-32.99475 -24.07725 49.04625 1 192948 0 0 0 -6.1660983487 3.5150265453 -6.1242092675 12.011 9.3745463684 0 
-21.402 -28.536 49.938 1 196757 0 0 0 1.2755336599 2.1803578505 -1.3380324036 12.011 2.8585445924 0 
-20.51025 -27.64425 50.82975 1 196761 0 0 0 1.6798400819 -0.6246016813 0.787017847 12.011 1.9573929223 0 
-13.37625 -31.21125 54.39675 1 200560 0 0 0 0.9290680936 -7.3387499654 -1.9064231416 12.011 7.6390357881 0 
-9.80925 -32.99475 56.18025 1 200391 0 0 0 1.376463749 -2.2948026687 -4.9257488347 12.011 5.6056911549 0 
-20.51025 -25.86075 56.18025 1 200723 0 0 0 -7.6100341432 -1.0507602255 -2.0165523605 12.011 7.9424933198 0 
-3.567 -48.1545 58.8555 1 203652 0 0 0 4.7935028204 -2.164920804 0.1125553257 12.011 5.2609143766 0 
-31.21125 -25.86075 59.74725 1 204660 0 0 0 -1.8935941419 -8.3155075008 -2.6142066114 12.011 8.9200582945 0 
-18.72675 -24.07725 59.74725 1 204863 0 0 0 7.7109352639 1.8448035429 -0.7818788735 12.011 7.9670042882 0 
-22.29375 -22.29375 57.96375 1 204856 0 0 0 3.8243558641 4.4503115163 -5.0742025574 12.011 7.7574803874 0 
-16.94325 -8.02575 59.74725 1 205582 0 0 0 6.423647931 -4.342009359 0.3032295775 12.011 7.7593972828 0 
-32.103 -28.536 60.639 1 208616 0 0 0 6.6860914422 -10.2912615377 -2.1993080885 12.011 12.4679925761 0 
-31.21125 -27.64425 61.53075 1 208620 0 0 0 -5.3388289217 3.2726472801 -1.6538753717 12.011 6.4767752949 0 
-17.835 -24.969 60.639 1 208826 0 0 0 3.0716629833 11.9214777472 2.6993694266 12.011 12.6033067272 0 
-16.94325 -24.07725 61.53075 1 208830 0 0 0 5.7278046679 -4.9760212253 1.1478687687 12.011 7.6737302702 0 
-22.29375 -11.59275 61.53075 1 209351 0 0 0 -0.376420417 5.7547550231 -3.2945376738 12.011 6.6417524939 0 
-2.67525 -75.79875 63.31425 1 206193 0 0 0 -5.3206506132 0.5143035571 -1.5043710923 12.011 5.55310395 0 
-5.3505 -28.536 62.4225 1 208674 0 0 0 -1.6811311499 4.9334067258 -2.937261001 12.011 5.9826587779 0 
-26.7525 -24.969 62.4225 1 208804 0 0 0 -3.5309123427 3.983533161 -1.1917652432 12.011 5.4549228053 0 
-25.86075 -24.07725 63.31425 1 208808 0 0 0 3.9111185223 -1.3310869081 -1.3585646392 12.011 4.3490617759 0 
-17.835 -12.4845 62.4225 1 209361 0 0 0 -8.0321319097 0.4268277689 -0.5766528418 12.011 8.0641089687 0 
-5.3505 -46.371 65.9895 1 211745 0 0 0 2.4246961768 0.9183566777 0.9024445072 12.011 2.7453481794 0 
-34.77825 -31.21125 65.09775 1 212395 0 0 0 5.1011752563 -2.229912216 3.9365414877 12.011 6.8184203721 0 
-8.9175 -24.969 65.9895 1 212805 0 0 0 -0.9965441124 -1.4277911073 -1.1446517195 12.011 2.0837262712 0 
-7.134 -23.1855 65.9895 1 212812 0 0 0 -3.2619912979 -5.266105535 4.9880193792 12.011 7.9531623937 0 
-12.4845 -21.402 65.9895 1 212975 0 0 0 8.4149572859 2.3576771149 4.3542976755 12.011 9.7637111668 0 
-20.51025 -6.24225 65.09775 1 213673 0 0 0 0.0898488222 -3.4598222195 -3.2632658942 12.011 4.7568210916 0 
-21.402 -5.3505 65.9895 1 213670 0 0 0 -9.3889888792 -1.4838655915 5.4191491755 12.011 10.9417616065 0 
-2.67525 -79.36575 66.88125 1 209977 0 0 0 -0.2750806158 5.4855799729 -1.8210092825 12.011 5.7864783583 0 
-5.3505 -55.2885 67.773 1 215173 0 0 0 -5.0136996022 -0.5554164047 -14.6500243652 12.011 15.4941564786 0 
-5.3505 -37.4535 67.773 1 216063 0 0 0 5.7933312388 -0.515436282 1.8436523187 12.011 6.1014273146 0 
-8.02575 -24.07725 66.88125 1 212809 0 0 0 0.3998069774 -4.2185100713 -0.8549435438 12.011 4.3228001694 0 
-12.4845 -19.6185 67.773 1 216937 0 0 0 1.3965513573 0.0237006689 1.031781954 12.011 1.7365170359 0 
-11.59275 -20.51025 66.88125 1 212979 0 0 0 1.9389074939 0.1441624824 4.8260005507 12.011 5.2029247934 0 
-20.51025 -4.45875 66.88125 1 213674 0 0 0 0.754648205 3.9714239743 0.4423996392 12.011 4.0666226451 0 
-3.567 -69.5565 69.5565 1 214467 0 0 0 9.5179728783 2.5171750829 1.0371236178 12.011 9.8996769396 0 
-2.67525 -63.31425 68.66475 1 214826 0 0 0 -1.8014397917 -5.522812302 -1.3548159007 12.011 5.9650789745 0 
-4.45875 -57.96375 68.66475 1 214999 0 0 0 -4.3646879337 8.2921033331 4.8043650494 12.011 10.5304986574 0 
-8.9175 -24.969 69.5565 1 216766 0 0 0 6.2396640583 -0.4656923631 1.4665291036 12.011 6.4265842055 0 
-19.6185 -21.402 69.5565 1 216920 0 0 0 -3.6257768131 -2.6971624085 -0.6733115632 12.011 4.5688391324 0 
-30.3195 -3.567 69.5565 1 217786 0 0 0 1.3491413124 -4.209749818 3.3571370931 12.011 5.5509049057 0 
-4.45875 -70.44825 70.44825 1 214464 0 0 0 -2.1114939848 -2.0735948764 -4.6088183951 12.011 5.4771716751 0 
-18.72675 -24.07725 70.44825 1 216746 0 0 0 -4.8730963707 -5.8394493811 -8.8161336688 12.011 11.6434724279 0 
-13.37625 -16.94325 72.23175 1 221077 0 0 0 0.2220193777 5.1462658606 -5.3310476707 12.011 7.4130570064 0 
-10.701 -17.835 71.34 1 221081 0 0 0 2.0794207145 -5.6957288767 6.1063516608 12.011 8.6053964784 0 
-13.37625 -15.15975 70.44825 1 217117 0 0 0 7.114236002 -3.7992456609 -8.4195093708 12.011 11.659106292 0 
-15.15975 -13.37625 70.44825 1 217288 0 0 0 -4.8588784643 -8.0335605098 5.3888926927 12.011 10.8252925526 0 
-14.268 -14.268 71.34 1 221251 0 0 0 -3.048060893 7.1105207776 0.5522306027 12.011 7.7559744439 0 
-13.37625 -13.37625 72.23175 1 221255 0 0 0 -0.5356323994 0.2814252651 7.0149724746 12.011 7.0410184679 0 
-11.59275 -16.94325 74.01525 1 221079 0 0 0 -5.1115602152 2.9651064728 0.7820223301 12.011 5.9608273883 0 
-14.268 -8.9175 73.1235 1 221430 0 0 0 5.6177412282 3.7552947639 -4.9371305218 12.011 8.3687820536 0 
-3.567 -5.3505 73.1235 1 221632 0 0 0 -1.1470239702 -5.037756135 1.0114286795 12.011 5.2647543948 0 
-22.29375 -11.59275 75.79875 1 225195 0 0 0 5.8160683858 -11.1188756289 -2.7998979029 12.011 12.8567287824 0 
-28.536 -19.6185 76.6905 1 224825 0 0 0 3.4335292704 -0.6773067917 4.0840136008 12.011 5.3783858947 0 
-32.103 -3.567 78.474 1 229667 0 0 0 10.6574276232 -0.0512107795 2.3636192553 12.011 10.9165050301 0 
-29.42775 -2.67525 77.58225 1 225712 0 0 0 -0.3752540963 -4.0979695487 -3.5419541113 12.011 5.4295127761 0 
-0.89175 -2.67525 77.58225 1 225776 0 0 0 -4.4694126803 0.4281052639 2.816274537 12.011 5.3000307632 0 
-26.7525 -1.7835 78.474 1 229678 0 0 0 -1.3575146722 0.5984466959 0.1686869211 12.011 1.4931308752 0 
-19.6185 -14.268 80.2575 1 229159 0 0 0 4.3785793615 1.8163569517 -4.9242249156 12.011 6.8351372203 0 
-24.969 -8.9175 80.2575 1 229328 0 0 0 4.6492740733 8.8114833489 -3.815948078 12.011 10.6686197772 0 
-24.07725 -6.24225 79.36575 1 229509 0 0 0 3.2155299914 6.4085788681 -0.7242138949 12.011 7.20652496 0 
-32.99475 -4.45875 79.36575 1 229488 0 0 0 9.3326706806 -1.3876731721 2.0027269567 12.011 9.6454805027 0 
-37.4535 -3.567 80.2575 1 229653 0 0 0 3.9760178234 3.491136281 -0.4269954298 12.011 5.3083966846 0 
-24.07725 -2.67525 79.36575 1 229687 0 0 0 -5.5651044044 -1.0910107169 6.1765069178 12.011 8.3851016167 0 
-13.37625 -11.59275 81.14925 1 229178 0 0 0 4.3269573334 -3.435883681 2.2936517032 12.011 5.9823652989 0 
-5.3505 -8.9175 82.041 1 233331 0 0 0 -1.5137817566 2.5540990951 4.8791155274 12.011 5.7114556572 0 
-40.12875 -2.67525 81.14925 1 229649 0 0 0 7.0432275216 4.065703743 -2.5251413671 12.011 8.5154764853 0 
-1.7835 -1.7835 82.041 1 233695 0 0 0 6.6261835714 -3.4537889567 2.0195287215 12.011 7.7403787463 0 
-6.24225 -9.80925 82.93275 1 233332 0 0 0 2.898253086 -2.2247169041 4.7673287829 12.011 6.0063849343 0 
-23.1855 -16.0515 85.608 1 236896 0 0 0 2.8437184713 4.3481673328 -3.4739095375 12.011 6.2499073091 0 
-10.701 -14.268 85.608 1 237103 0 0 0 0.1370637353 0.4419927837 0.3123248389 12.011 0.5582928383 0 
-9.80925 -13.37625 86.49975 1 237107 0 0 0 3.5194176119 -5.1801736253 0.3501205466 12.011 6.2724065168 0 
-9.80925 -9.80925 86.49975 1 237285 0 0 0 3.4187903866 -1.8751096429 -0.6498360306 12.011 3.9530305776 0 
-6.24225 -8.02575 84.71625 1 233333 0 0 0 9.7078693892 -3.2737397803 5.8611599521 12.011 11.803105363 0 
-8.02575 -8.02575 86.49975 1 237288 0 0 0 0.8268962823 3.2454381502 -1.8467316389 12.011 3.8245318661 0 
-7.134 -7.134 85.608 1 237467 0 0 0 -0.5511546371 -0.5654238272 2.2241470584 12.011 2.3601495028 0 
-2.67525 -8.02575 84.71625 1 233341 0 0 0 1.1260885047 -5.0980200215 1.4666410827 12.011 5.4229991264 0 
-7.134 -3.567 85.608 1 237645 0 0 0 -1.1766436004 4.4159414003 2.1028264202 12.011 5.0305971382 0 
-8.9175 -7.134 87.3915 1 237461 0 0 0 1.7384713794 6.8855650737 4.5132457473 12.011 8.4144326188 0 
-15.15975 -6.24225 91.85025 1 241410 0 0 0 -1.1917040766 3.8579567053 -4.9248497922 12.011 6.3685268329 0 
-8.9175 -3.567 90.9585 1 241600 0 0 0 -6.5395660808 0.0232107129 3.5288347708 12.011 7.4309580877 0 
-10.701 -8.9175 94.5255 1 245204 0 0 0 3.0267494502 -4.573157833 1.7291365457 12.011 5.7502085174 0 
-10.701 -7.134 96.309 1 249342 0 0 0 8.5043516438 3.3194744432 -1.0987425381 12.011 9.1951151502 0 
-9.80925 -0.89175 95.41725 1 245564 0 0 0 3.5416549773 0.2852526545 -0.5704771635 12.011 3.598629357 0 
-8.9175 -7.134 105.2265 1 257266 0 0 0 -0.5366553922 0.358318276 0.7378826188 12.011 0.9802355615 0 
-8.02575 -8.02575 104.33475 1 257093 0 0 0 1.4109192563 6.5317635474 2.6348556251 12.011 7.1831116065 0 
-8.02575 -18.72675 111.46875 1 264481 0 0 0 -7.8538120221 4.8687082474 -3.2585772569 12.011 9.7982145831 0 
-15.15975 -24.07725 113.25225 1 264286 0 0 0 1.4150351814 -5.5432996747 -4.7064793335 12.011 7.4082011018 0 
-10.701 -23.1855 112.3605 1 264297 0 0 0 3.1061078022 -4.4812376286 4.8869151308 12.011 7.3219762263 0 
-8.9175 -17.835 112.3605 1 264654 0 0 0 -2.0693670511 -1.2727066215 -3.1534835468 12.011 3.9807688474 0 
-8.9175 -8.9175 114.144 1 268972 0 0 0 -4.183708267 0.5780197538 6.8906789521 12.011 8.0820157214 0 
-8.9175 -3.567 115.9275 1 269327 0 0 0 4.8356353609 1.8779684578 -1.5705089978 12.011 5.4200215299 0 
-7.134 -3.567 117.711 1 273294 0 0 0 -1.2622952996 0.0796423716 -8.1557535811 12.011 8.2532447441 0 
-9.80925 -6.24225 118.60275 1 273112 0 0 0 -3.732340329 -4.1979013851 -0.0429643586 12.011 5.6173469099 0 
-8.02575 -4.45875 118.60275 1 273115 0 0 0 2.7998773147 0.5151748136 -2.1090129559 12.011 3.5429724405 0 
-8.02575 -6.24225 123.95325 1 277075 0 0 0 -5.6195936449 -2.3623502062 -1.2583910316 12.011 6.2244742122 0 
-1.7835 -5.3505 124.845 1 278194 0 0 0 -0.9905958665 -1.2507551 11.5184017517 12.011 11.6283811171 0 
-7.134 -3.567 124.845 1 278235 0 0 0 3.0799889168 2.2979218783 1.7579077223 12.011 4.2257562928 0 
-5.3505 16.0515 -46.371 1 367226 0 0 0 4.565774398 -3.202764584 -2.2509132 12.011 6.0142004513 0 
-4.45875 16.94325 -45.47925 1 367230 0 0 0 -0.2699189166 3.9150875724 4.3027540764 12.011 5.8236122436 0 
-6.24225 16.94325 -43.69575 1 367228 0 0 0 -2.3644149193 -1.2980198594 -2.9447327704 12.011 3.993340025 0 
-6.24225 18.72675 -38.34525 1 375415 0 0 0 2.200625679 4.043726417 1.5999828575 12.011 4.8738508244 0 
-8.9175 19.6185 -32.103 1 383416 0 0 0 -0.7088974411 2.783690911 -4.3894703509 12.011 5.2458479421 0 
-29.42775 52.61325 -31.21125 1 384974 0 0 0 3.3088612248 -2.4315877274 -5.0685451954 12.011 6.5231381925 0 
-15.15975 77.58225 -27.64425 1 390257 0 0 0 -1.321810542 6.8230716444 -3.2038867135 12.011 7.6528674264 0 
-24.07725 49.04625 -25.86075 1 388815 0 0 0 -0.6276083233 1.3866213163 -2.3726931477 12.011 2.8189153331 0 
-23.1855 49.938 -23.1855 1 392995 0 0 0 4.578450698 -4.4431375616 1.7851978701 12.011 6.6249991412 0 
-20.51025 57.96375 -24.07725 1 393361 0 0 0 2.3202760007 -2.6988336393 1.5992769563 12.011 3.901931639 0 
-20.51025 61.53075 -24.07725 1 393539 0 0 0 -0.4603511728 0.5809927979 -5.1070881608 12.011 5.160603193 0 
-31.21125 65.09775 -24.07725 1 393693 0 0 0 -6.4960294404 0.0937427663 0.5820839968 12.011 6.5227301014 0 
-16.94325 68.66475 -24.07725 1 393903 0 0 0 3.5161332596 8.6766054066 -5.5464330789 12.011 10.8816172686 0 
-22.29375 50.82975 -22.29375 1 392999 0 0 0 8.2172709544 7.7245731994 -1.2829626575 12.011 11.3507077415 0 
-20.51025 52.61325 -22.29375 1 393006 0 0 0 8.6537169131 3.2660606579 0.86116313 12.011 9.2895409235 0 
-16.94325 38.34525 -11.59275 1 404317 0 0 0 -11.8324160466 -2.6611792084 -6.2344997455 12.011 13.6366026324 0 
-16.94325 36.56175 -9.80925 1 408321 0 0 0 4.082837692 1.8864886149 0.2360242718 12.011 4.5037884464 0 
-32.103 0.0 10.701 1 430535 0 0 0 -0.2582503962 1.2629373768 4.8078585865 12.011 4.9776709687 0 
-18.72675 27.64425 22.29375 1 443827 0 0 0 -7.1432948709 -6.4019957081 1.8420704351 12.011 9.7675705345 0 
-20.51025 20.51025 41.91225 1 463494 0 0 0 3.6036461781 -3.8012201266 -0.2853048006 12.011 5.245659068 0 
-21.402 14.268 46.371 1 471321 0 0 0 -4.2816407863 -3.0404554542 0.9257289233 12.011 5.3323345011 0 
-20.51025 15.15975 47.26275 1 471325 0 0 0 6.4973234969 -1.3683089921 4.2012489024 12.011 7.8573516188 0 
-20.51025 9.80925 49.04625 1 470970 0 0 0 -0.8830769686 -0.228070878 6.1148401209 12.011 6.1824842064 0 
-19.6185 10.701 48.1545 1 471145 0 0 0 2.0411534596 -10.3990529728 -4.4366717531 12.011 11.488719094 0 
-19.6185 17.835 48.1545 1 471501 0 0 0 -0.8889327705 -10.6210961565 -6.7645831499 12.011 12.6236868714 0 
-16.94325 16.94325 59.74725 1 483349 0 0 0 -1.2798565449 -2.7760758098 -1.8777840819 12.011 3.5875761644 0 
-32.99475 4.45875 63.31425 1 486781 0 0 0 -8.8490425228 -0.4272338835 0.1094264211 12.011 8.860025762 0 
-28.536 3.567 64.206 1 490796 0 0 0 -5.7698288434 6.9018110271 -3.0221607344 12.011 9.4899618461 0 
-6.24225 4.45875 75.79875 1 502863 0 0 0 3.6872243468 -5.5834400166 -3.475595981 12.011 7.539906712 0 
-5.3505 5.3505 74.907 1 502862 0 0 0 -2.3250220857 -6.1860545351 2.4283426391 12.011 7.0405856563 0 
-3.567 10.701 74.907 1 503223 0 0 0 -3.459954468 -4.2099187004 -2.8915763953 12.011 6.1689475954 0 
-19.6185 0.0 80.2575 1 506656 0 0 0 -4.3575717225 8.995976529 -6.8267456706 12.011 12.1045644894 0 
-9.80925 2.67525 84.71625 1 510688 0 0 0 -0.3858938708 -1.4821833725 3.1946462101 12.011 3.5428161167 0 
-8.02575 2.67525 86.49975 1 514695 0 0 0 12.5627427025 -1.5837221908 5.3455721693 12.011 13.7443014375 0 
-9.80925 4.45875 86.49975 1 514870 0 0 0 -1.6415018077 -2.2057716499 -1.119795089 12.011 2.968820944 0 
-8.9175 3.567 87.3915 1 514868 0 0 0 -1.7954200523 -3.4990429121 -2.0160566683 12.011 4.4194251837 0 
-0.89175 4.45875 91.85025 1 518893 0 0 0 -0.3557100734 4.751253579 -2.7342957227 12.011 5.4933881464 0 
-8.9175 0.0 94.5255 1 522700 0 0 0 -0.1192457322 8.1142074445 7.5310838679 12.011 11.0712152098 0 
-8.02575 2.67525 93.63375 1 522705 0 0 0 4.5548897095 -4.743537789 0.0290129557 12.011 6.5763981611 0 
-13.37625 13.37625 98.98425 1 527234 0 0 0 -9.3224105595 -1.8317196339 1.8335065607 12.011 9.6759641259 0 
-6.24225 2.67525 102.55125 1 530721 0 0 0 8.6989985806 -3.3923297596 -2.012201755 12.011 9.5514100219 0 
-8.9175 1.7835 103.443 1 534716 0 0 0 -3.7123846382 -1.926625855 1.4292434837 12.011 4.4200026949 0 
-1.7835 3.567 108.7935 1 538914 0 0 0 2.8926947802 8.9597423055 1.4098888089 12.011 9.5201077581 0 
-1.7835 1.7835 124.845 1 558632 0 0 0 -6.0112368561 -1.5849972983 -0.2889403513 12.011 6.2233971031 0 
41.0205 -8.9175 21.402 1 727340 0 0 0 6.4257412202 -2.1596943628 1.4570214183 12.011 6.9337826172 0 
67.773 -8.9175 26.7525 1 731407 0 0 0 4.9217762098 7.764469425 0.0894037705 12.011 9.1934139222 0 
44.5875 -3.567 26.7525 1 731712 0 0 0 -8.4901607763 3.9017272212 -4.4339126048 12.011 10.3424313536 0 
19.6185 -5.3505 39.237 1 747497 0 0 0 -3.0636067867 -4.9247562385 7.7852881762 12.011 9.7082244792 0 
24.969 -12.4845 44.5875 1 751156 0 0 0 -7.0896690686 8.4775459479 -6.021201115 12.011 12.5851919202 0 
24.969 -8.9175 44.5875 1 751336 0 0 0 3.2230838078 -0.3422128688 -0.0232529239 12.011 3.2412836313 0 
28.536 -1.7835 44.5875 1 751704 0 0 0 -3.8672800383 -0.6607040649 -1.4592248925 12.011 4.1858956082 0 
12.4845 -3.567 48.1545 1 755670 0 0 0 8.2020084249 -14.4864839369 -0.5214842789 12.011 16.6554226878 0 
13.37625 -2.67525 49.04625 1 755674 0 0 0 -3.1214364059 1.9120146118 -0.9459536642 12.011 3.7807398015 0 
1.7835 -33.8865 60.639 1 770047 0 0 0 5.8045480133 -1.8655191675 -4.3257769611 12.011 7.4756461741 0 
6.24225 -32.99475 65.09775 1 774064 0 0 0 2.1782467979 0.9346103113 -2.2584185208 12.011 3.2739440682 0 
0.89175 -2.67525 111.46875 1 827738 0 0 0 4.3329633986 -6.4735749368 -0.2595738611 12.011 7.7941723656 0 
1.7835 -5.3505 114.144 1 831562 0 0 0 -3.4884900725 -8.5726671941 8.3884285036 12.011 12.4910335268 0 
0.89175 -0.89175 123.95325 1 839754 0 0 0 1.8927724885 0.432891378 1.2822798344 12.011 2.3268485581 0 
36.56175 4.45875 8.02575 1 991033 0 0 0 3.4482345371 -2.2585596669 -1.8465847619 12.011 4.5167785506 0 
37.4535 3.567 8.9175 1 991031 0 0 0 1.9855460322 2.1847862413 3.6421327744 12.011 4.6883701979 0 
40.12875 9.80925 13.37625 1 995272 0 0 0 -2.0511211192 0.846490847 2.6657798959 12.011 3.4684329391 0 
38.34525 6.24225 15.15975 1 999136 0 0 0 -0.091882512 -4.6155375528 6.8309484187 12.011 8.2446034227 0 
37.4535 7.134 16.0515 1 999311 0 0 0 -0.3077325255 -0.3253817867 -7.0342047727 12.011 7.0484473041 0 
38.34525 8.02575 16.94325 1 999315 0 0 0 4.6612321931 -3.9821922797 5.5536669709 12.011 8.27213139 0 
19.6185 0.0 19.6185 1 1002961 0 0 0 -7.6098819542 -6.0842155526 1.5008550203 12.011 9.8580194786 0 
28.536 1.7835 23.1855 1 1007034 0 0 0 -6.0122830251 -5.8079467645 -0.771237421 12.011 8.3949151248 0 
62.4225 0.0 26.7525 1 1011157 0 0 0 -4.9581894698 -1.0065329026 -4.3033183439 12.011 6.6419349645 0 
64.206 1.7835 26.7525 1 1011164 0 0 0 -2.7499311089 -1.2857731614 -2.5654212581 12.011 3.9745087694 0 
56.18025 0.89175 27.64425 1 1011145 0 0 0 -2.331658427 0.1640279975 0.7307407461 12.011 2.4489831037 0 
18.72675 9.80925 27.64425 1 1011424 0 0 0 -0.8771405159 -2.5460722365 -1.4011032045 12.011 3.0356135307 0 
18.72675 13.37625 27.64425 1 1011604 0 0 0 -0.795353718 12.3724595739 2.5596244468 12.011 12.6594636835 0 
14.268 1.7835 30.3195 1 1015102 0 0 0 -8.0257889631 3.8447336884 -0.6343609687 12.011 8.9217531603 0 
50.82975 0.89175 29.42775 1 1015185 0 0 0 1.2092655584 2.6111457435 2.7152877393 12.011 3.9564116054 0 
54.39675 0.89175 29.42775 1 1015193 0 0 0 -8.1146312364 1.0205916146 -3.6786095355 12.011 8.967776506 0 
14.268 5.3505 30.3195 1 1015282 0 0 0 1.2218106142 12.4069333085 -0.2438404689 12.011 12.4693333211 0 
27.64425 0.89175 31.21125 1 1015131 0 0 0 -5.3767407017 -5.8845150887 6.499274099 12.011 10.284815128 0 
28.536 0.0 32.103 1 1019183 0 0 0 -0.7507188357 2.6005359793 0.975255185 12.011 2.8770625342 0 
46.371 0.0 32.103 1 1019223 0 0 0 -7.2050627521 -5.9986857876 0.767815198 12.011 9.4067369804 0 
20.51025 2.67525 32.99475 1 1019166 0 0 0 1.4666961293 -5.8880255192 -6.0367387327 12.011 8.5593373912 0 
13.37625 4.45875 31.21125 1 1015279 0 0 0 3.8823152762 -3.7150641046 5.1325442301 12.011 7.430819839 0 
12.4845 5.3505 32.103 1 1019326 0 0 0 -1.5458716015 6.9862260882 7.5226123321 12.011 10.3820407562 0 
31.21125 13.37625 32.99475 1 1019730 0 0 0 -4.0664905081 3.6195387475 -1.0591728387 12.011 5.5461024962 0 
6.24225 20.51025 32.99475 1 1020034 0 0 0 -3.2652378237 -0.356870104 7.2902173789 12.011 7.9960242463 0 
10.701 24.969 32.103 1 1020403 0 0 0 0.994366274 -5.591373999 -0.8052283347 12.011 5.7359062191 0 
9.80925 29.42775 31.21125 1 1016531 0 0 0 2.7669906303 -6.2917548296 -9.1576912191 12.011 11.4501408048 0 
15.15975 13.37625 34.77825 1 1019696 0 0 0 8.314171335 -0.2020278283 -2.7565958312 12.011 8.7615683988 0 
9.80925 18.72675 34.77825 1 1020041 0 0 0 6.7407472249 -0.4409927483 -0.9295759399 12.011 6.8188165529 0 
42.804 0.0 35.67 1 1023265 0 0 0 -5.2490580935 -10.5858165309 -4.4843212046 12.011 12.6380876386 0 
45.47925 6.24225 36.56175 1 1023452 0 0 0 -5.1158393024 -2.6010940959 -3.6171575914 12.011 6.7839023655 0 
9.80925 9.80925 36.56175 1 1023552 0 0 0 2.1125256222 -3.8139815593 -11.8732388312 12.011 12.6484394366 0 
12.4845 12.4845 35.67 1 1023736 0 0 0 2.0713241122 -0.0985263919 -3.0374665557 12.011 3.677811048 0 
19.6185 1.7835 39.237 1 1027262 0 0 0 1.2025058716 -0.033943493 6.0604151511 12.011 6.1786571628 0 
44.5875 3.567 37.4535 1 1023447 0 0 0 1.0835507804 -1.9649836252 -7.8902264232 12.011 8.2031040436 0 
49.938 3.567 39.237 1 1027511 0 0 0 -1.0701205688 -4.9843777985 3.6273484811 12.011 6.256743328 0 
49.04625 4.45875 38.34525 1 1023459 0 0 0 9.0101778128 -2.6148321896 6.8750539859 12.011 11.6312948078 0 
33.8865 8.9175 39.237 1 1027654 0 0 0 4.3863787798 -4.4283383216 -1.7829226287 12.011 6.4830017885 0 
9.80925 11.59275 38.34525 1 1023731 0 0 0 0.140401321 -2.7305350265 -0.5858175845 12.011 2.796196757 0 
10.701 12.4845 37.4535 1 1023734 0 0 0 -1.9222383511 -2.662744473 1.7887619395 12.011 3.7396360361 0 
17.835 16.0515 37.4535 1 1023930 0 0 0 -3.4787176361 -1.9956150107 2.122447891 12.011 4.5374817589 0 
33.8865 1.7835 42.804 1 1031344 0 0 0 -2.2851892792 2.8988616101 1.4189346981 12.011 3.9546004038 0 
32.99475 0.89175 43.69575 1 1031345 0 0 0 -1.841969249 2.0988065696 -1.7105630998 12.011 3.2747314163 0 
30.3195 0.0 48.1545 1 1035385 0 0 0 5.3983425946 -5.504238821 7.0110431138 12.011 10.4208192246 0 
39.237 30.3195 48.1545 1 1036848 0 0 0 -3.0439646929 0.818703174 5.7945782806 12.011 6.5964485436 0 
41.0205 32.103 48.1545 1 1037029 0 0 0 -3.7969315816 6.2877800252 4.8582166546 12.011 8.8065393966 0 
15.15975 4.45875 50.82975 1 1039585 0 0 0 1.125979748 -7.4965533759 4.2928231991 12.011 8.7117434495 0 
14.268 5.3505 55.2885 1 1043632 0 0 0 -0.4077963759 -3.8626016137 -1.9022147017 12.011 4.3248595216 0 
12.4845 7.134 55.2885 1 1043805 0 0 0 -5.8656006284 -2.4486376727 -5.7935278191 12.011 8.6003524216 0 
14.268 7.134 57.072 1 1047861 0 0 0 5.671164162 -4.8769499037 -6.3285923323 12.011 9.7978479383 0 
11.59275 9.80925 56.18025 1 1043808 0 0 0 2.346867124 1.6320831901 -2.274501808 12.011 3.653058898 0 
28.536 1.7835 58.8555 1 1047534 0 0 0 3.2788741527 1.5175300642 4.776207535 12.011 5.9888289024 0 
20.51025 8.02575 59.74725 1 1047875 0 0 0 1.567919223 0.0296326101 2.2243303988 12.011 2.7215610418 0 
32.103 23.1855 58.8555 1 1048622 0 0 0 0.6855853459 4.1531353654 5.2329133053 12.011 6.7157979638 0 
16.0515 8.9175 60.639 1 1051914 0 0 0 0.7943969485 -3.661132324 -7.7811359341 12.011 8.6360310809 0 
30.3195 24.969 62.4225 1 1052845 0 0 0 9.5173623128 5.4841374818 -3.873002787 12.011 11.6471498617 0 
7.134 5.3505 65.9895 1 1055766 0 0 0 5.183374774 6.1368040048 0.8584832142 12.011 8.0786589772 0 
14.268 8.9175 65.9895 1 1055962 0 0 0 7.7200688253 1.6961479019 3.6523153792 12.011 8.7072261945 0 
7.134 19.6185 65.9895 1 1056486 0 0 0 -11.2488239449 -3.7710515621 7.3024065072 12.011 13.9313319831 0 
8.02575 20.51025 66.88125 1 1056490 0 0 0 -1.6350566667 3.7961037953 0.5747255389 12.011 4.1730233373 0 
11.59275 20.51025 66.88125 1 1056498 0 0 0 -7.375539332 -9.3510852829 6.257852744 12.011 13.4537019951 0 
28.536 24.969 67.773 1 1060943 0 0 0 2.2353522171 1.8341476315 -3.7466220891 12.011 4.7326603668 0 
13.37625 20.51025 68.66475 1 1060550 0 0 0 2.0740366924 2.3266113202 5.2809100808 12.011 6.1321089128 0 
27.64425 24.07725 68.66475 1 1060762 0 0 0 -1.7254530923 -0.4909539623 1.611474621 12.011 2.4114465826 0 
28.536 23.1855 69.5565 1 1060764 0 0 0 -5.7645725735 -3.8335509345 1.5009710609 12.011 7.0837365739 0 
23.1855 1.7835 71.34 1 1063720 0 0 0 10.3834297472 -9.2311895946 1.4639248486 12.011 13.9704527704 0 
4.45875 6.24225 70.44825 1 1059812 0 0 0 5.1698879152 4.3960287251 -4.6823332691 12.011 8.2448198555 0 
13.37625 15.15975 70.44825 1 1060369 0 0 0 -4.278275827 -6.5051455134 -0.393840262 12.011 7.7958753425 0 
15.15975 18.72675 72.23175 1 1064605 0 0 0 2.2702209496 -0.4333324426 6.4007113352 12.011 6.805202845 0 
16.94325 20.51025 72.23175 1 1064608 0 0 0 -3.2897573734 -5.0507480115 -8.735762182 12.011 10.613486701 0 
18.72675 20.51025 70.44825 1 1060564 0 0 0 -2.3563227401 1.4824000742 -3.5357700433 12.011 4.5001596232 0 
5.3505 0.0 73.1235 1 1063679 0 0 0 1.7062584901 -1.4818844079 7.1869808787 12.011 7.533922855 0 
6.24225 0.89175 74.01525 1 1063683 0 0 0 4.0996659079 2.0275526428 -4.592702625 12.011 6.4816007034 0 
7.134 5.3505 73.1235 1 1063866 0 0 0 -0.5256217829 5.0416531355 3.9254165777 12.011 6.4111964489 0 
12.4845 7.134 73.1235 1 1064055 0 0 0 -1.078737558 -0.8905430595 2.1867738203 12.011 2.5959047365 0 
14.268 19.6185 73.1235 1 1064602 0 0 0 1.3766025728 9.1302034572 -1.1456606034 12.011 9.304202708 0 
10.701 19.6185 80.2575 1 1072694 0 0 0 4.7198538782 3.3851660303 0.0534411463 12.011 5.808547636 0 
22.29375 11.59275 82.93275 1 1076411 0 0 0 2.9586759759 7.5192538938 -4.9117715763 12.011 9.4561325429 0 
22.29375 15.15975 82.93275 1 1076591 0 0 0 4.279196599 8.4780170944 -8.7716080906 12.011 12.9278538776 0 
22.29375 18.72675 82.93275 1 1076771 0 0 0 -7.7702762705 -6.0153078613 -3.208307521 12.011 10.3370382187 0 
33.8865 21.402 83.8245 1 1076973 0 0 0 -12.3134238405 -3.4727692342 -4.4790430416 12.011 13.5551598809 0 
32.103 23.1855 83.8245 1 1076972 0 0 0 3.9396674898 -2.6868943347 4.0085209702 12.011 6.2296566089 0 
16.0515 8.9175 85.608 1 1080264 0 0 0 -2.4904991621 -8.4205688345 0.5068920148 12.011 8.7957663161 0 
8.02575 18.72675 86.49975 1 1080789 0 0 0 13.1223257071 3.6581202703 -0.23872051 12.011 13.6247665432 0 
6.24225 25.86075 88.28325 1 1081143 0 0 0 7.2543382335 -3.445105861 0.3077573382 12.011 8.0367214819 0 
33.8865 24.969 87.3915 1 1081203 0 0 0 -5.0174825149 -5.651531956 6.8059181681 12.011 10.1703228242 0 
14.268 7.134 89.175 1 1084311 0 0 0 4.4009515021 -0.4257392907 -4.763017059 12.011 6.4989198774 0 
6.24225 16.94325 90.06675 1 1084654 0 0 0 -6.7944445657 -1.1219331443 1.7766026568 12.011 7.1119285666 0 
7.134 17.835 89.175 1 1084835 0 0 0 -0.1953181948 -2.1078303448 -6.4981846005 12.011 6.8342886288 0 
8.02575 22.29375 90.06675 1 1085019 0 0 0 3.5933228142 -1.9061269911 -2.7282181071 12.011 4.8978018532 0 
2.67525 0.89175 98.98425 1 1092025 0 0 0 -2.4525043768 1.2569177835 -4.3427756288 12.011 5.143376342 0 
6.24225 2.67525 97.20075 1 1092034 0 0 0 0.035872092 8.2200653176 1.346440468 12.011 8.3296856223 0 
13.37625 2.67525 97.20075 1 1092050 0 0 0 -2.1090756318 -0.8414136111 -5.0489629664 12.011 5.536082001 0 
6.24225 2.67525 100.76775 1 1096084 0 0 0 -3.2060246876 -5.4461759893 -3.8281765859 12.011 7.3887998468 0 
9.80925 2.67525 100.76775 1 1096092 0 0 0 -0.0283853519 0.7333999019 -1.2245031206 12.011 1.427616558 0 
1.7835 10.701 101.6595 1 1096611 0 0 0 -1.1812663178 8.3890989997 -4.7752821183 12.011 9.7250034164 0 
1.7835 7.134 105.2265 1 1100481 0 0 0 11.4055592981 -1.7219534187 -7.0216254605 12.011 13.5038931641 0 
1.7835 8.9175 103.443 1 1100482 0 0 0 4.0062296332 -2.7840110473 -0.5903149758 12.011 4.9141698339 0 
0.0 10.701 103.443 1 1100659 0 0 0 -3.5435173715 1.3421954469 -5.8123275371 12.011 6.9383827639 0 
0.89175 11.59275 104.33475 1 1100663 0 0 0 3.3805052209 -2.9638029873 -0.4488038981 12.011 4.5181156067 0 
4.45875 11.59275 104.33475 1 1100671 0 0 0 3.1890313078 4.6131732499 1.5402095633 12.011 5.8158003417 0 
0.0 12.4845 105.2265 1 1100660 0 0 0 3.1361342495 -8.3084682342 -0.0954209438 12.011 8.8811647652 0 
12.4845 14.268 105.2265 1 1100865 0 0 0 10.44067407 -0.555693431 4.1328571538 12.011 11.2426410811 0 
2.67525 20.51025 104.33475 1 1101026 0 0 0 2.5149890217 -0.4005945538 4.0309597492 12.011 4.7680480572 0 
3.567 21.402 103.443 1 1101207 0 0 0 -0.7713314872 0.9284368701 5.1850106177 12.011 5.3236531058 0 
5.3505 21.402 105.2265 1 1101209 0 0 0 -6.5868481353 0.619466601 1.9661453072 12.011 6.9018863071 0 
5.3505 26.7525 103.443 1 1101390 0 0 0 1.2710790436 -0.5230659767 2.4330375851 12.011 2.7944430289 0 
9.80925 0.89175 106.11825 1 1100141 0 0 0 3.1368681802 -3.1252969564 -1.6418058901 12.011 4.72259988 0 
12.4845 8.9175 107.01 1 1104556 0 0 0 0.8469272284 0.4750684571 2.0810471252 12.011 2.2964609525 0 
7.134 10.701 110.577 1 1108775 0 0 0 0.2495330516 2.3103440674 -5.037268091 12.011 5.5474342064 0 
11.59275 11.59275 111.46875 1 1108787 0 0 0 1.0010710303 -3.2347609832 -3.8971117875 12.011 5.1626836152 0 
8.02575 0.89175 115.03575 1 1112289 0 0 0 -11.626867905 -1.3950066126 -7.1975985768 12.011 13.7453819882 0 
11.59275 8.02575 115.03575 1 1112657 0 0 0 -1.7044211403 -3.7293182956 -16.5644502813 12.011 17.0644038717 0 
7.134 0.0 117.711 1 1116335 0 0 0 -0.0400897558 -1.7110420411 -1.3549590358 12.011 2.182930609 0 
5.3505 5.3505 121.278 1 1120560 0 0 0 5.8982361054 -0.1652474183 -0.8785611249 12.011 5.9655985043 0 
4.45875 6.24225 123.95325 1 1120562 0 0 0 -5.8622184551 -3.9529205918 12.9714375796 12.011 14.7732656952 0 
8.9175 7.134 123.0615 1 1120747 0 0 0 -4.4366404814 -1.4562283997 -8.2564622997 12.011 9.4854388206 0 
9.80925 8.02575 123.95325 1 1120751 0 0 0 -1.7760502854 3.6879128768 -0.8514064757 12.011 4.1809028917 0 
7.134 8.9175 123.0615 1 1120746 0 0 0 -0.694603399 6.3874581241 0.1599493619 12.011 6.4271050223 0 
5.3505 1.7835 124.845 1 1124422 0 0 0 -3.2140364887 -0.9957176196 -5.9538385202 12.011 6.8388359575 0 
7.134 0.0 124.845 1 1124423 0 0 0 -5.3548125541 -4.7387319782 -2.3062417363 12.011 7.5132116433 0 
