# Particles (311 particles):
# "Particle Type" Position.X Position.Y Position.Z Occupancy
1 -11.5928 -0.89175 0.89175 0 
1 -8.02575 -0.89175 0.89175 0 
1 -16.9432 -2.67525 4.45875 0 
1 -6.24225 -22.2938 13.3763 0 
1 -15.1598 -8.02575 11.5928 0 
1 -16.0515 -7.134 12.4845 0 
1 -31.2112 -0.89175 13.3763 0 
1 -9.80925 -20.5102 15.1598 0 
1 -22.2938 -6.24225 16.9432 0 
1 -18.7268 -6.24225 16.9432 0 
1 -26.7525 -1.7835 14.268 0 
1 -16.9432 -8.02575 20.5102 0 
1 -49.0463 -43.6958 27.6442 0 
1 -16.9432 -6.24225 29.4278 0 
1 -16.0515 -1.7835 28.536 0 
1 -41.0205 -28.536 33.8865 0 
1 -41.0205 -30.3195 35.67 0 
1 -17.835 -7.134 35.67 0 
1 -41.0205 -30.3195 39.237 0 
1 -16.9432 -6.24225 40.1288 0 
1 -21.402 -37.4535 44.5875 0 
1 -39.237 -26.7525 44.5875 0 
1 -43.6958 -24.0772 45.4793 0 
1 -42.804 -24.969 46.371 0 
1 -32.9948 -24.0772 49.0463 0 
1 -21.402 -28.536 49.938 0 
1 -20.5102 -27.6442 50.8298 0 
1 -9.80925 -32.9948 56.1803 0 
1 -20.5102 -25.8608 56.1803 0 
1 -3.567 -48.1545 58.8555 0 
1 -31.2112 -25.8608 59.7473 0 
1 -22.2938 -22.2938 57.9638 0 
1 -18.7268 -24.0772 59.7473 0 
1 -16.9432 -8.02575 59.7473 0 
1 -2.67525 -75.7987 63.3143 0 
1 -32.103 -28.536 60.639 0 
1 -31.2112 -27.6442 61.5308 0 
1 -5.3505 -28.536 62.4225 0 
1 -26.7525 -24.969 62.4225 0 
1 -25.8608 -24.0772 63.3143 0 
1 -17.835 -24.969 60.639 0 
1 -16.9432 -24.0772 61.5308 0 
1 -22.2938 -11.5928 61.5308 0 
1 -17.835 -12.4845 62.4225 0 
1 -2.67525 -79.3658 66.8813 0 
1 -5.3505 -46.371 65.9895 0 
1 -34.7782 -31.2112 65.0978 0 
1 -8.9175 -24.969 65.9895 0 
1 -8.02575 -24.0772 66.8813 0 
1 -7.134 -23.1855 65.9895 0 
1 -12.4845 -21.402 65.9895 0 
1 -11.5928 -20.5102 66.8813 0 
1 -21.402 -5.3505 65.9895 0 
1 -20.5102 -6.24225 65.0978 0 
1 -20.5102 -4.45875 66.8813 0 
1 -4.45875 -70.4483 70.4483 0 
1 -3.567 -69.5565 69.5565 0 
1 -2.67525 -63.3143 68.6647 0 
1 -4.45875 -57.9638 68.6647 0 
1 -5.3505 -55.2885 67.773 0 
1 -6.24225 -38.3453 68.6647 0 
1 -21.402 -23.1855 69.5565 0 
1 -18.7268 -24.0772 70.4483 0 
1 -8.9175 -24.969 69.5565 0 
1 -19.6185 -21.402 69.5565 0 
1 -12.4845 -19.6185 67.773 0 
1 -13.3763 -15.1598 70.4483 0 
1 -15.1598 -13.3763 70.4483 0 
1 -32.9948 -2.67525 70.4483 0 
1 -30.3195 -3.567 69.5565 0 
1 -13.3763 -16.9432 72.2318 0 
1 -11.5928 -16.9432 74.0153 0 
1 -14.268 -14.268 71.34 0 
1 -13.3763 -13.3763 72.2318 0 
1 -14.268 -8.9175 73.1235 0 
1 -3.567 -5.3505 73.1235 0 
1 -28.536 -19.6185 76.6905 0 
1 -22.2938 -11.5928 75.7987 0 
1 -29.4278 -2.67525 77.5823 0 
1 -0.89175 -2.67525 77.5823 0 
1 -19.6185 -14.268 80.2575 0 
1 -13.3763 -11.5928 81.1493 0 
1 -24.969 -8.9175 80.2575 0 
1 -32.9948 -4.45875 79.3658 0 
1 -24.0772 -6.24225 79.3658 0 
1 -40.1288 -2.67525 81.1493 0 
1 -37.4535 -3.567 80.2575 0 
1 -32.103 -3.567 78.474 0 
1 -26.7525 -1.7835 78.474 0 
1 -24.0772 -2.67525 79.3658 0 
1 -5.3505 -8.9175 82.041 0 
1 -6.24225 -9.80925 82.9327 0 
1 -6.24225 -8.02575 84.7163 0 
1 -2.67525 -8.02575 84.7163 0 
1 -1.7835 -1.7835 82.041 0 
1 -23.1855 -16.0515 85.608 0 
1 -10.701 -14.268 85.608 0 
1 -9.80925 -13.3763 86.4998 0 
1 -9.80925 -9.80925 86.4998 0 
1 -8.02575 -8.02575 86.4998 0 
1 -8.9175 -7.134 87.3915 0 
1 -7.134 -7.134 85.608 0 
1 -7.134 -3.567 85.608 0 
1 -15.1598 -6.24225 91.8503 0 
1 -8.9175 -3.567 90.9585 0 
1 -10.701 -8.9175 94.5255 0 
1 -9.80925 -0.89175 95.4173 0 
1 -10.701 -7.134 96.309 0 
1 -8.02575 -8.02575 104.335 0 
1 -8.9175 -7.134 105.227 0 
1 -15.1598 -24.0772 113.252 0 
1 -10.701 -23.1855 112.361 0 
1 -8.02575 -18.7268 111.469 0 
1 -8.9175 -17.835 112.361 0 
1 -8.9175 -8.9175 114.144 0 
1 -8.9175 -3.567 115.928 0 
1 -9.80925 -6.24225 118.603 0 
1 -8.02575 -4.45875 118.603 0 
1 -7.134 -3.567 117.711 0 
1 -7.134 -5.3505 123.062 0 
1 -1.7835 -5.3505 124.845 0 
1 -7.134 -3.567 124.845 0 
1 -3.567 16.0515 -48.1545 0 
1 -5.3505 16.0515 -46.371 0 
1 -6.24225 16.9432 -43.6958 0 
1 -4.45875 16.9432 -45.4793 0 
1 -6.24225 18.7268 -38.3453 0 
1 -8.9175 19.6185 -32.103 0 
1 -29.4278 52.6133 -31.2112 0 
1 -24.0772 49.0463 -25.8608 0 
1 -15.1598 77.5823 -27.6442 0 
1 -23.1855 49.938 -23.1855 0 
1 -22.2938 50.8298 -22.2938 0 
1 -20.5102 52.6133 -22.2938 0 
1 -20.5102 57.9638 -24.0772 0 
1 -20.5102 61.5308 -24.0772 0 
1 -31.2112 65.0978 -24.0772 0 
1 -16.9432 68.6647 -24.0772 0 
1 -16.9432 38.3453 -11.5928 0 
1 -16.9432 36.5618 -9.80925 0 
1 -32.103 0.0 10.701 0 
1 -18.7268 27.6442 22.2938 0 
1 -20.5102 20.5102 41.9123 0 
1 -20.5102 9.80925 49.0463 0 
1 -19.6185 10.701 48.1545 0 
1 -21.402 14.268 46.371 0 
1 -20.5102 15.1598 47.2628 0 
1 -19.6185 17.835 48.1545 0 
1 -16.9432 16.9432 59.7473 0 
1 -32.9948 4.45875 63.3143 0 
1 -28.536 3.567 64.206 0 
1 -7.134 1.7835 76.6905 0 
1 -5.3505 5.3505 74.907 0 
1 -6.24225 4.45875 75.7987 0 
1 -3.567 10.701 74.907 0 
1 -19.6185 0.0 80.2575 0 
1 -9.80925 2.67525 84.7163 0 
1 -8.9175 3.567 87.3915 0 
1 -9.80925 4.45875 86.4998 0 
1 -7.134 3.567 85.608 0 
1 -0.89175 4.45875 91.8503 0 
1 -8.9175 0.0 94.5255 0 
1 -8.02575 2.67525 93.6338 0 
1 -13.3763 13.3763 98.9843 0 
1 -6.24225 2.67525 102.551 0 
1 -8.9175 1.7835 103.443 0 
1 -1.7835 3.567 108.794 0 
1 -1.7835 1.7835 124.845 0 
1 41.0205 -8.9175 21.402 0 
1 67.773 -8.9175 26.7525 0 
1 44.5875 -3.567 26.7525 0 
1 29.4278 -0.89175 31.2112 0 
1 20.5102 -6.24225 38.3453 0 
1 24.969 -12.4845 44.5875 0 
1 24.969 -8.9175 44.5875 0 
1 28.536 -1.7835 44.5875 0 
1 12.4845 -3.567 48.1545 0 
1 13.3763 -2.67525 49.0463 0 
1 1.7835 -33.8865 60.639 0 
1 6.24225 -32.9948 65.0978 0 
1 0.89175 -2.67525 111.469 0 
1 1.7835 -5.3505 114.144 0 
1 0.89175 -0.89175 123.953 0 
1 33.8865 3.567 5.3505 0 
1 38.3453 2.67525 8.02575 0 
1 35.67 3.567 7.134 0 
1 37.4535 3.567 8.9175 0 
1 40.1288 9.80925 13.3763 0 
1 38.3453 6.24225 15.1598 0 
1 43.6958 4.45875 15.1598 0 
1 48.1545 3.567 16.0515 0 
1 37.4535 7.134 16.0515 0 
1 39.237 8.9175 16.0515 0 
1 19.6185 0.0 19.6185 0 
1 50.8298 4.45875 18.7268 0 
1 28.536 1.7835 23.1855 0 
1 56.1803 0.89175 27.6442 0 
1 62.4225 0.0 26.7525 0 
1 64.206 1.7835 26.7525 0 
1 14.268 1.7835 30.3195 0 
1 27.6442 0.89175 31.2112 0 
1 50.8298 0.89175 29.4278 0 
1 53.505 0.0 28.536 0 
1 13.3763 4.45875 31.2112 0 
1 14.268 5.3505 30.3195 0 
1 19.6185 8.9175 28.536 0 
1 19.6185 12.4845 28.536 0 
1 9.80925 29.4278 31.2112 0 
1 20.5102 2.67525 32.9948 0 
1 28.536 0.0 32.103 0 
1 46.371 0.0 32.103 0 
1 12.4845 5.3505 32.103 0 
1 15.1598 13.3763 34.7782 0 
1 31.2112 13.3763 32.9948 0 
1 6.24225 20.5102 32.9948 0 
1 9.80925 18.7268 34.7782 0 
1 10.701 24.969 32.103 0 
1 42.804 0.0 35.67 0 
1 44.5875 3.567 37.4535 0 
1 45.4793 6.24225 36.5618 0 
1 49.0463 4.45875 38.3453 0 
1 8.9175 8.9175 35.67 0 
1 9.80925 11.5928 38.3453 0 
1 10.701 12.4845 37.4535 0 
1 12.4845 12.4845 35.67 0 
1 17.835 16.0515 37.4535 0 
1 19.6185 17.835 37.4535 0 
1 19.6185 1.7835 39.237 0 
1 49.938 3.567 39.237 0 
1 33.8865 8.9175 39.237 0 
1 33.8865 1.7835 42.804 0 
1 32.9948 0.89175 43.6958 0 
1 30.3195 0.0 48.1545 0 
1 39.237 30.3195 48.1545 0 
1 41.0205 32.103 48.1545 0 
1 15.1598 4.45875 50.8298 0 
1 14.268 5.3505 55.2885 0 
1 12.4845 7.134 55.2885 0 
1 11.5928 9.80925 56.1803 0 
1 28.536 1.7835 58.8555 0 
1 14.268 7.134 57.072 0 
1 32.103 23.1855 58.8555 0 
1 16.0515 8.9175 60.639 0 
1 19.6185 8.9175 60.639 0 
1 30.3195 24.969 62.4225 0 
1 7.134 5.3505 65.9895 0 
1 14.268 8.9175 65.9895 0 
1 7.134 19.6185 65.9895 0 
1 8.02575 20.5102 66.8813 0 
1 11.5928 20.5102 66.8813 0 
1 12.4845 21.402 65.9895 0 
1 4.45875 6.24225 70.4483 0 
1 13.3763 15.1598 70.4483 0 
1 13.3763 20.5102 68.6647 0 
1 18.7268 20.5102 70.4483 0 
1 27.6442 24.0772 68.6647 0 
1 28.536 23.1855 69.5565 0 
1 28.536 24.969 67.773 0 
1 5.3505 0.0 73.1235 0 
1 6.24225 0.89175 74.0153 0 
1 23.1855 1.7835 71.34 0 
1 7.134 5.3505 73.1235 0 
1 12.4845 7.134 73.1235 0 
1 14.268 19.6185 73.1235 0 
1 15.1598 18.7268 72.2318 0 
1 17.835 21.402 71.34 0 
1 9.80925 18.7268 81.1493 0 
1 22.2938 11.5928 82.9327 0 
1 21.402 16.0515 83.8245 0 
1 22.2938 18.7268 82.9327 0 
1 32.103 23.1855 83.8245 0 
1 33.8865 21.402 83.8245 0 
1 16.0515 8.9175 85.608 0 
1 8.02575 18.7268 86.4998 0 
1 6.24225 25.8608 88.2833 0 
1 33.8865 24.969 87.3915 0 
1 14.268 7.134 89.175 0 
1 6.24225 16.9432 90.0667 0 
1 7.134 17.835 89.175 0 
1 8.02575 22.2938 90.0667 0 
1 2.67525 0.89175 98.9843 0 
1 5.3505 3.567 98.0925 0 
1 12.4845 3.567 98.0925 0 
1 6.24225 2.67525 100.768 0 
1 9.80925 2.67525 100.768 0 
1 1.7835 10.701 101.66 0 
1 9.80925 0.89175 106.118 0 
1 1.7835 7.134 105.227 0 
1 1.7835 8.9175 103.443 0 
1 0.0 10.701 103.443 0 
1 0.0 12.4845 105.227 0 
1 0.89175 11.5928 104.335 0 
1 4.45875 11.5928 104.335 0 
1 12.4845 14.268 105.227 0 
1 2.67525 20.5102 104.335 0 
1 3.567 21.402 103.443 0 
1 5.3505 21.402 105.227 0 
1 5.3505 26.7525 103.443 0 
1 12.4845 8.9175 107.01 0 
1 7.134 10.701 110.577 0 
1 11.5928 11.5928 111.469 0 
1 8.02575 0.89175 115.036 0 
1 11.5928 8.02575 115.036 0 
1 7.134 0.0 117.711 0 
1 5.3505 5.3505 121.278 0 
1 4.45875 6.24225 123.953 0 
1 8.9175 7.134 123.062 0 
1 8.02575 8.02575 122.17 0 
1 9.80925 8.02575 123.953 0 
1 5.3505 1.7835 124.845 0 
1 7.134 0.0 124.845 0 
